1:
30878
2647871
1283744
2488120
317050
1904905
1989766
14756
1027056
1149588
1394012
1406595
2529547
1682104
2625019
2603381
1774623
470861
712610
1772839
1059319
2380848
548064
10:
1952305
1531863
10045:
2314434
10046:
1178866
803423
2506142
10047:
205729
827378
711436
1636386
193212
346924
1951856
743660
10048:
1590947
1367805
449591
1293456
1741802
2350428
1295702
10061:
2603559
1547800
2151013
129921
2351046
1880166
435536
1435041
72207
42623
2069538
324903
2437043
752507
2220920
1615526
2175791
2582764
492993
711675
476591
2614221
703594
2038901
2116224
1024554
747877
1273677
1232745
2259598
1074848
2306379
1541288
880471
2439237
2579439
1209609
1692688
1630054
510701
2004259
656005
551375
2374914
2344963
1985140
1837979
201896
1527380
1075798
1479888
723135
2091526
160936
391575
957170
939013
783252
1028975
1406976
784955
2648730
576600
2362194
786197
289009
770031
2103468
1387446
281344
2416451
1975589
1699740
1994755
2000674
1996245
546402
840306
1378509
848998
1458042
1305099
475676
1265308
1690831
1175356
1944582
447137
1643042
690106
804129
56515
1649714
177156
2618313
1225857
310904
446258
1291484
800563
2488811
673306
416453
2294599
1689758
1435512
1890583
1748322
1890329
219756
932993
1235827
91829
1302622
1589143
141483
457445
2105045
2248232
2326969
909041
1919294
1542307
1247398
2460414
1827197
1339354
1178380
2601942
2582123
139255
1575209
2267054
175935
1202577
2439077
914484
458842
1167614
2266201
2490543
1576126
2108469
306431
251179
592924
2615067
2000525
2587620
599094
461348
10171:
1972183
2639063
2476269
1710680
2015498
526238
2265476
2247893
234429
10172:
1176908
1989457
1459962
2574940
2105661
2121866
1186110
557805
966992
95873
1289338
2086446
2584069
727425
548134
2188876
2610315
2076278
2314719
2348342
2098138
1175415
2194256
223631
6903
1567828
2130254
2086548
1797462
2126622
1400957
1282057
2605004
1949018
2165816
441071
325686
728572
1789543
2398044
1609066
2105092
10174:
715762
1109059
998865
2616982
2198296
1010686
147211
1892170
1547941
2613472
1459262
2433194
2429834
2051376
1312327
2486985
343471
952582
2218207
1037904
1395174
2449453
1941388
2381007
2568366
1237547
758872
1925809
2472289
2352140
1090321
2490094
962283
165205
2019307
599677
384967
1763404
2267442
1991017
1728033
1366700
27105
2187800
481877
1357209
163996
10234:
1673904
1057513
1406461
1510783
465885
1448336
864495
1336052
1221163
5017
10235:
2039738
1622934
10236:
429882
446309
1892028
2021740
2399595
1053276
503179
2549503
213704
1212023
1007176
372757
2191876
1946263
431869
163797
2531642
2237666
534766
2234134
833015
2540225
32307
2155629
1041936
1129838
1320886
777147
1834483
249278
664385
2377882
1305582
1935014
1571382
2508636
1929673
821052
2401629
2499465
1806018
2311867
2584494
891803
304141
57193
1102155
476599
10237:
2428743
10238:
2514788
1018660
2567:
1440175
2568:
1990777
133913
951709
1263954
1422441
982112
83701
21663
1613533
196047
2537230
766064
62801
489563
2152049
2049133
2574204
484958
844141
1927580
615989
1995044
447612
291163
670301
2264527
1370023
1874343
94719
1155194
712026
2614787
1636370
2323957
1202646
6303
2202644
1213820
369051
85764
1101235
942337
408555
2071408
250509
1658907
1054341
755217
1268728
1581834
398452
2432320
2000429
2262465
1030913
2615077
102004
2002253
1076473
1797234
735420
2478906
2127429
1806387
1399305
1824675
2065019
1964889
2577702
297357
766333
1282510
1985612
1027442
1949054
2054043
256817
1496963
265904
2609033
760211
638215
2409753
1628640
694626
625405
768528
713202
159333
787598
704185
1112504
2413320
211871
2494640
2507964
1084489
1111760
1698579
997900
1452736
2483715
1690073
1803287
903920
1762885
1173915
770531
79811
2396075
652618
1806202
1939241
424917
1348908
690740
1769082
1901308
219756
810860
2407712
1305582
360556
831498
612505
573707
1439917
239971
1734440
2153796
271355
2178973
252097
394687
275733
2609960
326350
148151
1430714
1659480
1346831
342689
295692
689822
237738
1876513
1468986
822164
251885
1334302
345481
2211666
2510036
1890747
790054
1872428
956866
1389565
2314232
1810591
776187
2053620
370052
327091
274291
1881160
1569103
1486201
846786
1872238
1361661
2419135
1566816
2358690
1835295
1463952
562957
1621025
640679
979651
351859
2569:
1517636
2624173
2223329
2876:
440723
924071
1303007
1242605
2293026
412891
2270236
2082733
772283
2523973
2523966
1839223
2504904
1231109
1713329
1032124
825779
878300
310408
2474541
108489
2365686
2486042
1856199
808041
71487
1268760
2577201
1434378
2437080
1913770
1750841
1084917
2309383
466236
1491165
280299
1311466
2140951
1660637
2005916
2437156
407897
552211
988265
1703681
960803
2030616
2005601
1409036
2174181
2424396
1114532
1496777
36695
1566974
1787579
1344553
711826
2178482
1363223
2568137
351276
820136
1370144
71261
1186698
503568
1757561
2015643
2475552
2588043
2450359
1611157
2132098
2564065
1167646
1654215
787458
2483547
1283867
990832
2637877
2331164
1022328
2196684
1210869
1866998
2624513
2162886
156223
1934023
1933501
2877:
2404088
43671
2891:
1224458
1984086
509671
1557341
1505823
1197779
546740
1709202
1921929
347687
2329614
842628
2388382
656695
1812570
1065694
214722
2273220
1764173
2470844
1016312
711075
181222
1125978
497789
2892:
38984
1908655
931370
1112360
151717
612206
2410146
2462346
1869483
2441178
896027
693675
750091
1062757
2893:
491770
286506
1658581
1210245
1091872
1896628
1507086
401917
309232
336975
2097947
127035
307780
1219042
540812
760453
2497752
390543
1650458
712361
1329904
1073994
2172559
2461081
2894:
2643252
2348587
186932
2025189
2525770
2408474
1853956
1530610
2569247
2895:
503548
1834083
195004
984901
575973
903117
784012
21334
223317
2357588
1505234
2453808
1751764
1424360
1078115
617640
2271892
1799329
1832101
2465909
271273
1709795
154057
270729
1819371
2421473
179760
1384888
551962
2432187
1382185
1788823
1572238
945109
2161390
326553
66120
832355
893522
586340
1337862
2366811
2254600
2242821
54873
375360
2129258
2532096
1651932
2219351
2409475
88009
1450214
59656
292397
1261776
1996857
851548
757922
1389531
744216
1288837
479602
1762585
1126510
2901:
2095107
176054
971033
1464789
970542
1632345
879417
1887710
2245392
2902:
1418518
2903:
831747
1458713
181666
981307
2391937
448947
1980038
948931
2100186
2904:
1805974
860520
790228
2905:
2479093
1872779
788128
2348841
222153
873230
2116182
1499212
901694
1072415
2186191
370346
507248
1857888
2131676
544684
2116729
309567
1264332
1019562
107871
1448538
1520501
634171
2224570
509245
139135
1216193
2170930
679773
1173615
1808835
1071003
221477
1720348
936509
902118
1305826
986004
1346236
678566
656381
2616701
584707
2050546
1282435
2002874
331499
968592
1570328
113189
320979
292813
1245480
1334924
535349
1901673
1123111
807679
1593811
2447135
425025
142447
2057141
976518
2447904
170444
351363
864934
1152574
650813
18429
1253198
2241222
86605
575288
540155
2310949
2622383
1427739
2160744
1275262
1866583
1246122
613961
1852170
785207
1810831
1729572
868053
2117577
444602
2024338
546225
2060199
1337875
577635
878195
2033222
233933
816317
1502539
2550772
2279416
592455
938717
858771
962114
199723
21487
951283
2363681
569723
2274913
313093
193413
11267
245525
565922
896683
603079
2626658
2358058
1116312
2408042
907708
1995542
1359580
1206357
2199915
2548029
2222172
243019
2175263
2165079
398070
520507
2428295
753230
317569
1188119
1991222
2334974
976155
2219450
781625
2200358
2312765
2581684
1408893
573235
507171
1461464
633401
1881339
1348044
2159776
2618397
1863149
2234263
1449064
779515
2254452
331881
1690839
808157
107863
646782
2328842
252524
1166760
1268505
2093473
2557240
296704
1154645
2310618
566723
367742
461561
1404308
423427
230616
1619373
2162898
2521339
2339973
659018
1462659
1355375
818134
1027332
143345
1024570
1907200
2041646
2547924
23174
1620286
254450
528206
2637736
354896
721741
1660803
1766102
2475144
1709381
964662
719068
192441
265909
732146
2243199
128546
2906:
1115730
1548511
2261091
801293
204668
1580097
